43
65
58
25
14
82
82
40
0
70
61
0
51
25
36
37
16
87
21
32
70
100
24
42
34
30
31
24
57
87
99
77
92
75
12
36
23
75
60
30
93
51
51
92
77
81
77
87
31
15
81
6
86
47
58
70
85
37
71
40
16
10
5
74
59
42
56
62
52
29
8
74
16
1
21
22
26
41
20
93
59
27
65
95
28
11
75
31
43
25
79
10
16
35
29
49
61
87
1
61
57
63
1
81
81
70
38
28
88
68
95
100
42
96
2
93
93
68
34
91
96
75
62
20
95
82
66
55
88
3
77
22
44
72
10
67
99
29
19
37
31
5
80
26
86
3
82
53
72
81
9
17
38
96
20
41
45
14
39
81
64
48
3
86
18
48
24
71
56
37
6
7
11
17
15
35
36
15
49
8
68
37
10
58
81
22
35
64
15
10
70
29
93
80
52
13
68
51
21
4
69
83
41
97
43
19
46
68
40
31
93
86
88
87
99
10
2
20
97
91
66
23
53
47
90
26
71
69
3
73
45
93
42
88
4
15
31
33
28
9
80
74
82
78
17
91
1
47
54
63
27
75
83
12
48
86
61
93
21
43
30
30
99
74
33
62
17
87
30
65
79
89
46
66
55
39
27
22
54
80
1
53
1
66
86
52
64
42
50
20
77
65
8
61
81
17
54
57
98
96
26
